V 54
K 1
D 0 -4064000 4572000 0
Y 1
U 4191000 762000 254000 0 2 3 REFDES=IC?
U 4191000 508000 254000 0 2 3 DEVICE=AD5754BREZ
U 4191000 254000 254000 0 2 0 PKG_TYPE=SOP65P640X120-25N
U 4191000 0 254000 0 2 0 Description=4-channel 16-bit Serial DAC, 100ksps
U 4191000 -254000 254000 0 2 0 Datasheet Link=https://datasheet.datasheetarchive.com/originals/distributors/Datasheets-SFU1/DSASFU10003180.pdf
U 4191000 -508000 254000 0 2 0 Height=1.2
U 4191000 -762000 254000 0 2 0 Manufacturer_Name=Analog Devices
U 4191000 -1016000 254000 0 2 0 Manufacturer_Part_Number=AD5754BREZ
U 4191000 -1270000 254000 0 2 0 Mouser Part Number=584-AD5754BREZ
U 4191000 -1524000 254000 0 2 0 Mouser Price/Stock=https://www.mouser.co.uk/ProductDetail/Analog-Devices/AD5754BREZ?qs=NmRFExCfTkE9WVZYrblgWQ%3D%3D
U 4191000 -1778000 254000 0 2 0 Arrow Part Number=AD5754BREZ
U 4191000 -2032000 254000 0 2 0 Arrow Price/Stock=https://www.arrow.com/en/products/ad5754brez/analog-devices?utm_currency=USD&region=nac
U 0 0 254000 0 1 0 FORWARD_PCB=1
l 5 508000 254000 4064000 254000 4064000 -3556000 508000 -3556000 508000 254000
|GRPHSTL -1 -1 -1 1
P 1 0 0 508000 0 0 2 0
L 584200 0 228600 0 2 0 1 0 AVSS
A 355600 50800 203200 0 9 3 #=1
A 0 0 9 0 3 0 PINTYPE=BI
P 2 0 -254000 508000 -254000 0 2 0
L 584200 -254000 228600 0 2 0 1 0 NC_1
A 355600 -203200 203200 0 9 3 #=2
A 0 0 9 0 3 0 PINTYPE=BI
P 3 0 -508000 508000 -508000 0 2 0
L 584200 -508000 228600 0 2 0 1 0 VOUTA
A 355600 -457200 203200 0 9 3 #=3
A 0 0 9 0 3 0 PINTYPE=BI
P 4 0 -762000 508000 -762000 0 2 0
L 584200 -762000 228600 0 2 0 1 0 VOUTB
A 355600 -711200 203200 0 9 3 #=4
A 0 0 9 0 3 0 PINTYPE=BI
P 5 0 -1016000 508000 -1016000 0 2 0
L 584200 -1016000 228600 0 2 0 1 0 BIN/~2SCOMP
A 355600 -965200 203200 0 9 3 #=5
A 0 0 9 0 3 0 PINTYPE=BI
P 6 0 -1270000 508000 -1270000 0 2 0
L 584200 -1270000 228600 0 2 0 1 0 NC_2
A 355600 -1219200 203200 0 9 3 #=6
A 0 0 9 0 3 0 PINTYPE=BI
P 7 0 -1524000 508000 -1524000 0 2 0
L 584200 -1524000 228600 0 2 0 1 0 ~SYNC
A 355600 -1473200 203200 0 9 3 #=7
A 0 0 9 0 3 0 PINTYPE=BI
P 8 0 -1778000 508000 -1778000 0 2 0
L 584200 -1778000 228600 0 2 0 1 0 SCLK
A 355600 -1727200 203200 0 9 3 #=8
A 0 0 9 0 3 0 PINTYPE=BI
P 9 0 -2032000 508000 -2032000 0 2 0
L 584200 -2032000 228600 0 2 0 1 0 SDIN
A 355600 -1981200 203200 0 9 3 #=9
A 0 0 9 0 3 0 PINTYPE=BI
P 10 0 -2286000 508000 -2286000 0 2 0
L 584200 -2286000 228600 0 2 0 1 0 ~LDAC
A 355600 -2235200 203200 0 9 3 #=10
A 0 0 9 0 3 0 PINTYPE=BI
P 11 0 -2540000 508000 -2540000 0 2 0
L 584200 -2540000 228600 0 2 0 1 0 ~CLR
A 355600 -2489200 203200 0 9 3 #=11
A 0 0 9 0 3 0 PINTYPE=BI
P 12 0 -2794000 508000 -2794000 0 2 0
L 584200 -2794000 228600 0 2 0 1 0 NC_3
A 355600 -2743200 203200 0 9 3 #=12
A 0 0 9 0 3 0 PINTYPE=BI
P 13 2286000 -4064000 2286000 -3556000 0 1 0
L 2286000 -3479800 228600 1 2 0 1 0 EP
A 2235200 -3708400 203200 1 9 3 #=25
A 0 0 9 0 3 0 PINTYPE=BI
P 14 4572000 0 4064000 0 0 3 0
L 3987800 0 228600 0 8 0 1 0 AVDD
A 4216400 50800 203200 0 3 3 #=24
A 0 0 9 0 3 0 PINTYPE=BI
P 15 4572000 -254000 4064000 -254000 0 3 0
L 3987800 -254000 228600 0 8 0 1 0 VOUTC
A 4216400 -203200 203200 0 3 3 #=23
A 0 0 9 0 3 0 PINTYPE=BI
P 16 4572000 -508000 4064000 -508000 0 3 0
L 3987800 -508000 228600 0 8 0 1 0 VOUTD
A 4216400 -457200 203200 0 3 3 #=22
A 0 0 9 0 3 0 PINTYPE=BI
P 17 4572000 -762000 4064000 -762000 0 3 0
L 3987800 -762000 228600 0 8 0 1 0 SIG_GND_2
A 4216400 -711200 203200 0 3 3 #=21
A 0 0 9 0 3 0 PINTYPE=BI
P 18 4572000 -1016000 4064000 -1016000 0 3 0
L 3987800 -1016000 228600 0 8 0 1 0 SIG_GND_1
A 4216400 -965200 203200 0 3 3 #=20
A 0 0 9 0 3 0 PINTYPE=BI
P 19 4572000 -1270000 4064000 -1270000 0 3 0
L 3987800 -1270000 228600 0 8 0 1 0 DAC_GND_2
A 4216400 -1219200 203200 0 3 3 #=19
A 0 0 9 0 3 0 PINTYPE=BI
P 20 4572000 -1524000 4064000 -1524000 0 3 0
L 3987800 -1524000 228600 0 8 0 1 0 DAC_GND_1
A 4216400 -1473200 203200 0 3 3 #=18
A 0 0 9 0 3 0 PINTYPE=BI
P 21 4572000 -1778000 4064000 -1778000 0 3 0
L 3987800 -1778000 228600 0 8 0 1 0 REFIN
A 4216400 -1727200 203200 0 3 3 #=17
A 0 0 9 0 3 0 PINTYPE=BI
P 22 4572000 -2032000 4064000 -2032000 0 3 0
L 3987800 -2032000 228600 0 8 0 1 0 SDO
A 4216400 -1981200 203200 0 3 3 #=16
A 0 0 9 0 3 0 PINTYPE=BI
P 23 4572000 -2286000 4064000 -2286000 0 3 0
L 3987800 -2286000 228600 0 8 0 1 0 GND
A 4216400 -2235200 203200 0 3 3 #=15
A 0 0 9 0 3 0 PINTYPE=BI
P 24 4572000 -2540000 4064000 -2540000 0 3 0
L 3987800 -2540000 228600 0 8 0 1 0 DVCC
A 4216400 -2489200 203200 0 3 3 #=14
A 0 0 9 0 3 0 PINTYPE=BI
P 25 4572000 -2794000 4064000 -2794000 0 3 0
L 3987800 -2794000 228600 0 8 0 1 0 NC_4
A 4216400 -2743200 203200 0 3 3 #=13
A 0 0 9 0 3 0 PINTYPE=BI
E
